{
 "cells": [
  {
   "cell_type": "markdown",
   "metadata": {},
   "source": [
    "# Ngoc Ha\n",
    "# ST 557 - HW 5"
   ]
  },
  {
   "cell_type": "markdown",
   "metadata": {},
   "source": [
    "## Problem 1"
   ]
  },
  {
   "cell_type": "code",
   "execution_count": 1,
   "metadata": {},
   "outputs": [
    {
     "data": {
      "text/html": [
       "<table>\n",
       "<thead><tr><th scope=col>Country</th><th scope=col>Abbrev</th><th scope=col>X100m.s</th><th scope=col>X200m.s</th><th scope=col>X400m.s</th><th scope=col>X800m.m</th><th scope=col>X1500m.m</th><th scope=col>X5000m.m</th><th scope=col>X10000m.m</th><th scope=col>Marathon.m</th></tr></thead>\n",
       "<tbody>\n",
       "\t<tr><td>Argentina</td><td>ARG      </td><td>10.39    </td><td>20.81    </td><td>46.84    </td><td>1.81     </td><td>3.70     </td><td>14.04    </td><td>29.36    </td><td>137.72   </td></tr>\n",
       "\t<tr><td>Australia</td><td>AUL      </td><td>10.31    </td><td>20.06    </td><td>44.84    </td><td>1.74     </td><td>3.57     </td><td>13.28    </td><td>27.66    </td><td>128.30   </td></tr>\n",
       "\t<tr><td>Austria  </td><td>AUS      </td><td>10.44    </td><td>20.81    </td><td>46.82    </td><td>1.79     </td><td>3.60     </td><td>13.26    </td><td>27.72    </td><td>135.90   </td></tr>\n",
       "\t<tr><td>Belgium  </td><td>BEL      </td><td>10.34    </td><td>20.68    </td><td>45.04    </td><td>1.73     </td><td>3.60     </td><td>13.22    </td><td>27.45    </td><td>129.95   </td></tr>\n",
       "\t<tr><td>Bermuda  </td><td>BER      </td><td>10.28    </td><td>20.58    </td><td>45.91    </td><td>1.80     </td><td>3.75     </td><td>14.68    </td><td>30.55    </td><td>146.62   </td></tr>\n",
       "\t<tr><td>Brazil   </td><td>BRA      </td><td>10.22    </td><td>20.43    </td><td>45.21    </td><td>1.73     </td><td>3.66     </td><td>13.62    </td><td>28.62    </td><td>133.13   </td></tr>\n",
       "</tbody>\n",
       "</table>\n"
      ],
      "text/latex": [
       "\\begin{tabular}{r|llllllllll}\n",
       " Country & Abbrev & X100m.s & X200m.s & X400m.s & X800m.m & X1500m.m & X5000m.m & X10000m.m & Marathon.m\\\\\n",
       "\\hline\n",
       "\t Argentina & ARG       & 10.39     & 20.81     & 46.84     & 1.81      & 3.70      & 14.04     & 29.36     & 137.72   \\\\\n",
       "\t Australia & AUL       & 10.31     & 20.06     & 44.84     & 1.74      & 3.57      & 13.28     & 27.66     & 128.30   \\\\\n",
       "\t Austria   & AUS       & 10.44     & 20.81     & 46.82     & 1.79      & 3.60      & 13.26     & 27.72     & 135.90   \\\\\n",
       "\t Belgium   & BEL       & 10.34     & 20.68     & 45.04     & 1.73      & 3.60      & 13.22     & 27.45     & 129.95   \\\\\n",
       "\t Bermuda   & BER       & 10.28     & 20.58     & 45.91     & 1.80      & 3.75      & 14.68     & 30.55     & 146.62   \\\\\n",
       "\t Brazil    & BRA       & 10.22     & 20.43     & 45.21     & 1.73      & 3.66      & 13.62     & 28.62     & 133.13   \\\\\n",
       "\\end{tabular}\n"
      ],
      "text/markdown": [
       "\n",
       "| Country | Abbrev | X100m.s | X200m.s | X400m.s | X800m.m | X1500m.m | X5000m.m | X10000m.m | Marathon.m |\n",
       "|---|---|---|---|---|---|---|---|---|---|\n",
       "| Argentina | ARG       | 10.39     | 20.81     | 46.84     | 1.81      | 3.70      | 14.04     | 29.36     | 137.72    |\n",
       "| Australia | AUL       | 10.31     | 20.06     | 44.84     | 1.74      | 3.57      | 13.28     | 27.66     | 128.30    |\n",
       "| Austria   | AUS       | 10.44     | 20.81     | 46.82     | 1.79      | 3.60      | 13.26     | 27.72     | 135.90    |\n",
       "| Belgium   | BEL       | 10.34     | 20.68     | 45.04     | 1.73      | 3.60      | 13.22     | 27.45     | 129.95    |\n",
       "| Bermuda   | BER       | 10.28     | 20.58     | 45.91     | 1.80      | 3.75      | 14.68     | 30.55     | 146.62    |\n",
       "| Brazil    | BRA       | 10.22     | 20.43     | 45.21     | 1.73      | 3.66      | 13.62     | 28.62     | 133.13    |\n",
       "\n"
      ],
      "text/plain": [
       "  Country   Abbrev X100m.s X200m.s X400m.s X800m.m X1500m.m X5000m.m X10000m.m\n",
       "1 Argentina ARG    10.39   20.81   46.84   1.81    3.70     14.04    29.36    \n",
       "2 Australia AUL    10.31   20.06   44.84   1.74    3.57     13.28    27.66    \n",
       "3 Austria   AUS    10.44   20.81   46.82   1.79    3.60     13.26    27.72    \n",
       "4 Belgium   BEL    10.34   20.68   45.04   1.73    3.60     13.22    27.45    \n",
       "5 Bermuda   BER    10.28   20.58   45.91   1.80    3.75     14.68    30.55    \n",
       "6 Brazil    BRA    10.22   20.43   45.21   1.73    3.66     13.62    28.62    \n",
       "  Marathon.m\n",
       "1 137.72    \n",
       "2 128.30    \n",
       "3 135.90    \n",
       "4 129.95    \n",
       "5 146.62    \n",
       "6 133.13    "
      ]
     },
     "metadata": {},
     "output_type": "display_data"
    }
   ],
   "source": [
    "track <- read.csv('TrackData.csv')\n",
    "head(track)"
   ]
  },
  {
   "cell_type": "markdown",
   "metadata": {},
   "source": [
    "### (1a)"
   ]
  },
  {
   "cell_type": "code",
   "execution_count": 2,
   "metadata": {},
   "outputs": [
    {
     "data": {
      "text/html": [
       "<table>\n",
       "<thead><tr><th></th><th scope=col>X100m.s</th><th scope=col>X200m.s</th><th scope=col>X400m.s</th><th scope=col>X800m.m</th><th scope=col>X1500m.m</th><th scope=col>X5000m.m</th><th scope=col>X10000m.m</th><th scope=col>Marathon.m</th></tr></thead>\n",
       "<tbody>\n",
       "\t<tr><th scope=row>X100m.s</th><td>0.12350249 </td><td>0.20902182 </td><td>0.43069956 </td><td>0.016920438</td><td>0.03836684 </td><td>0.17441020 </td><td> 0.4018455 </td><td> 1.6860122 </td></tr>\n",
       "\t<tr><th scope=row>X200m.s</th><td>0.20902182 </td><td>0.41557024 </td><td>0.79905603 </td><td>0.033115455</td><td>0.07788771 </td><td>0.35913859 </td><td> 0.8117114 </td><td> 3.5462096 </td></tr>\n",
       "\t<tr><th scope=row>X400m.s</th><td>0.43069956 </td><td>0.79905603 </td><td>2.12290020 </td><td>0.080743131</td><td>0.18974209 </td><td>0.90887976 </td><td> 2.0734155 </td><td> 9.4778570 </td></tr>\n",
       "\t<tr><th scope=row>X800m.m</th><td>0.01692044 </td><td>0.03311545 </td><td>0.08074313 </td><td>0.004055758</td><td>0.00911532 </td><td>0.04406209 </td><td> 0.1000493 </td><td> 0.4739033 </td></tr>\n",
       "\t<tr><th scope=row>X1500m.m</th><td>0.03836684 </td><td>0.07788771 </td><td>0.18974209 </td><td>0.009115320</td><td>0.02430774 </td><td>0.11592929 </td><td> 0.2634372 </td><td> 1.2451630 </td></tr>\n",
       "\t<tr><th scope=row>X5000m.m</th><td>0.17441020 </td><td>0.35913859 </td><td>0.90887976 </td><td>0.044062088</td><td>0.11592929 </td><td>0.64185811 </td><td> 1.4115480 </td><td> 6.8910485 </td></tr>\n",
       "\t<tr><th scope=row>X10000m.m</th><td>0.40184545 </td><td>0.81171145 </td><td>2.07341549 </td><td>0.100049327</td><td>0.26343721 </td><td>1.41154798 </td><td> 3.2678936 </td><td>15.7321815 </td></tr>\n",
       "\t<tr><th scope=row>Marathon.m</th><td>1.68601222 </td><td>3.54620963 </td><td>9.47785704 </td><td>0.473903333</td><td>1.24516296 </td><td>6.89104852 </td><td>15.7321815 </td><td>85.1381467 </td></tr>\n",
       "</tbody>\n",
       "</table>\n"
      ],
      "text/latex": [
       "\\begin{tabular}{r|llllllll}\n",
       "  & X100m.s & X200m.s & X400m.s & X800m.m & X1500m.m & X5000m.m & X10000m.m & Marathon.m\\\\\n",
       "\\hline\n",
       "\tX100m.s & 0.12350249  & 0.20902182  & 0.43069956  & 0.016920438 & 0.03836684  & 0.17441020  &  0.4018455  &  1.6860122 \\\\\n",
       "\tX200m.s & 0.20902182  & 0.41557024  & 0.79905603  & 0.033115455 & 0.07788771  & 0.35913859  &  0.8117114  &  3.5462096 \\\\\n",
       "\tX400m.s & 0.43069956  & 0.79905603  & 2.12290020  & 0.080743131 & 0.18974209  & 0.90887976  &  2.0734155  &  9.4778570 \\\\\n",
       "\tX800m.m & 0.01692044  & 0.03311545  & 0.08074313  & 0.004055758 & 0.00911532  & 0.04406209  &  0.1000493  &  0.4739033 \\\\\n",
       "\tX1500m.m & 0.03836684  & 0.07788771  & 0.18974209  & 0.009115320 & 0.02430774  & 0.11592929  &  0.2634372  &  1.2451630 \\\\\n",
       "\tX5000m.m & 0.17441020  & 0.35913859  & 0.90887976  & 0.044062088 & 0.11592929  & 0.64185811  &  1.4115480  &  6.8910485 \\\\\n",
       "\tX10000m.m & 0.40184545  & 0.81171145  & 2.07341549  & 0.100049327 & 0.26343721  & 1.41154798  &  3.2678936  & 15.7321815 \\\\\n",
       "\tMarathon.m & 1.68601222  & 3.54620963  & 9.47785704  & 0.473903333 & 1.24516296  & 6.89104852  & 15.7321815  & 85.1381467 \\\\\n",
       "\\end{tabular}\n"
      ],
      "text/markdown": [
       "\n",
       "| <!--/--> | X100m.s | X200m.s | X400m.s | X800m.m | X1500m.m | X5000m.m | X10000m.m | Marathon.m |\n",
       "|---|---|---|---|---|---|---|---|---|\n",
       "| X100m.s | 0.12350249  | 0.20902182  | 0.43069956  | 0.016920438 | 0.03836684  | 0.17441020  |  0.4018455  |  1.6860122  |\n",
       "| X200m.s | 0.20902182  | 0.41557024  | 0.79905603  | 0.033115455 | 0.07788771  | 0.35913859  |  0.8117114  |  3.5462096  |\n",
       "| X400m.s | 0.43069956  | 0.79905603  | 2.12290020  | 0.080743131 | 0.18974209  | 0.90887976  |  2.0734155  |  9.4778570  |\n",
       "| X800m.m | 0.01692044  | 0.03311545  | 0.08074313  | 0.004055758 | 0.00911532  | 0.04406209  |  0.1000493  |  0.4739033  |\n",
       "| X1500m.m | 0.03836684  | 0.07788771  | 0.18974209  | 0.009115320 | 0.02430774  | 0.11592929  |  0.2634372  |  1.2451630  |\n",
       "| X5000m.m | 0.17441020  | 0.35913859  | 0.90887976  | 0.044062088 | 0.11592929  | 0.64185811  |  1.4115480  |  6.8910485  |\n",
       "| X10000m.m | 0.40184545  | 0.81171145  | 2.07341549  | 0.100049327 | 0.26343721  | 1.41154798  |  3.2678936  | 15.7321815  |\n",
       "| Marathon.m | 1.68601222  | 3.54620963  | 9.47785704  | 0.473903333 | 1.24516296  | 6.89104852  | 15.7321815  | 85.1381467  |\n",
       "\n"
      ],
      "text/plain": [
       "           X100m.s    X200m.s    X400m.s    X800m.m     X1500m.m   X5000m.m  \n",
       "X100m.s    0.12350249 0.20902182 0.43069956 0.016920438 0.03836684 0.17441020\n",
       "X200m.s    0.20902182 0.41557024 0.79905603 0.033115455 0.07788771 0.35913859\n",
       "X400m.s    0.43069956 0.79905603 2.12290020 0.080743131 0.18974209 0.90887976\n",
       "X800m.m    0.01692044 0.03311545 0.08074313 0.004055758 0.00911532 0.04406209\n",
       "X1500m.m   0.03836684 0.07788771 0.18974209 0.009115320 0.02430774 0.11592929\n",
       "X5000m.m   0.17441020 0.35913859 0.90887976 0.044062088 0.11592929 0.64185811\n",
       "X10000m.m  0.40184545 0.81171145 2.07341549 0.100049327 0.26343721 1.41154798\n",
       "Marathon.m 1.68601222 3.54620963 9.47785704 0.473903333 1.24516296 6.89104852\n",
       "           X10000m.m  Marathon.m\n",
       "X100m.s     0.4018455  1.6860122\n",
       "X200m.s     0.8117114  3.5462096\n",
       "X400m.s     2.0734155  9.4778570\n",
       "X800m.m     0.1000493  0.4739033\n",
       "X1500m.m    0.2634372  1.2451630\n",
       "X5000m.m    1.4115480  6.8910485\n",
       "X10000m.m   3.2678936 15.7321815\n",
       "Marathon.m 15.7321815 85.1381467"
      ]
     },
     "metadata": {},
     "output_type": "display_data"
    },
    {
     "data": {
      "text/html": [
       "<table>\n",
       "<thead><tr><th></th><th scope=col>X100m.s</th><th scope=col>X200m.s</th><th scope=col>X400m.s</th><th scope=col>X800m.m</th><th scope=col>X1500m.m</th><th scope=col>X5000m.m</th><th scope=col>X10000m.m</th><th scope=col>Marathon.m</th></tr></thead>\n",
       "<tbody>\n",
       "\t<tr><th scope=row>X100m.s</th><td>1.0000000</td><td>0.9226384</td><td>0.8411468</td><td>0.7560278</td><td>0.7002382</td><td>0.6194618</td><td>0.6325389</td><td>0.5199490</td></tr>\n",
       "\t<tr><th scope=row>X200m.s</th><td>0.9226384</td><td>1.0000000</td><td>0.8507270</td><td>0.8066265</td><td>0.7749513</td><td>0.6953770</td><td>0.6965391</td><td>0.5961837</td></tr>\n",
       "\t<tr><th scope=row>X400m.s</th><td>0.8411468</td><td>0.8507270</td><td>1.0000000</td><td>0.8701714</td><td>0.8352694</td><td>0.7786139</td><td>0.7872045</td><td>0.7049905</td></tr>\n",
       "\t<tr><th scope=row>X800m.m</th><td>0.7560278</td><td>0.8066265</td><td>0.8701714</td><td>1.0000000</td><td>0.9180442</td><td>0.8635939</td><td>0.8690489</td><td>0.8064764</td></tr>\n",
       "\t<tr><th scope=row>X1500m.m</th><td>0.7002382</td><td>0.7749513</td><td>0.8352694</td><td>0.9180442</td><td>1.0000000</td><td>0.9281140</td><td>0.9346970</td><td>0.8655492</td></tr>\n",
       "\t<tr><th scope=row>X5000m.m</th><td>0.6194618</td><td>0.6953770</td><td>0.7786139</td><td>0.8635939</td><td>0.9281140</td><td>1.0000000</td><td>0.9746354</td><td>0.9321884</td></tr>\n",
       "\t<tr><th scope=row>X10000m.m</th><td>0.6325389</td><td>0.6965391</td><td>0.7872045</td><td>0.8690489</td><td>0.9346970</td><td>0.9746354</td><td>1.0000000</td><td>0.9431763</td></tr>\n",
       "\t<tr><th scope=row>Marathon.m</th><td>0.5199490</td><td>0.5961837</td><td>0.7049905</td><td>0.8064764</td><td>0.8655492</td><td>0.9321884</td><td>0.9431763</td><td>1.0000000</td></tr>\n",
       "</tbody>\n",
       "</table>\n"
      ],
      "text/latex": [
       "\\begin{tabular}{r|llllllll}\n",
       "  & X100m.s & X200m.s & X400m.s & X800m.m & X1500m.m & X5000m.m & X10000m.m & Marathon.m\\\\\n",
       "\\hline\n",
       "\tX100m.s & 1.0000000 & 0.9226384 & 0.8411468 & 0.7560278 & 0.7002382 & 0.6194618 & 0.6325389 & 0.5199490\\\\\n",
       "\tX200m.s & 0.9226384 & 1.0000000 & 0.8507270 & 0.8066265 & 0.7749513 & 0.6953770 & 0.6965391 & 0.5961837\\\\\n",
       "\tX400m.s & 0.8411468 & 0.8507270 & 1.0000000 & 0.8701714 & 0.8352694 & 0.7786139 & 0.7872045 & 0.7049905\\\\\n",
       "\tX800m.m & 0.7560278 & 0.8066265 & 0.8701714 & 1.0000000 & 0.9180442 & 0.8635939 & 0.8690489 & 0.8064764\\\\\n",
       "\tX1500m.m & 0.7002382 & 0.7749513 & 0.8352694 & 0.9180442 & 1.0000000 & 0.9281140 & 0.9346970 & 0.8655492\\\\\n",
       "\tX5000m.m & 0.6194618 & 0.6953770 & 0.7786139 & 0.8635939 & 0.9281140 & 1.0000000 & 0.9746354 & 0.9321884\\\\\n",
       "\tX10000m.m & 0.6325389 & 0.6965391 & 0.7872045 & 0.8690489 & 0.9346970 & 0.9746354 & 1.0000000 & 0.9431763\\\\\n",
       "\tMarathon.m & 0.5199490 & 0.5961837 & 0.7049905 & 0.8064764 & 0.8655492 & 0.9321884 & 0.9431763 & 1.0000000\\\\\n",
       "\\end{tabular}\n"
      ],
      "text/markdown": [
       "\n",
       "| <!--/--> | X100m.s | X200m.s | X400m.s | X800m.m | X1500m.m | X5000m.m | X10000m.m | Marathon.m |\n",
       "|---|---|---|---|---|---|---|---|---|\n",
       "| X100m.s | 1.0000000 | 0.9226384 | 0.8411468 | 0.7560278 | 0.7002382 | 0.6194618 | 0.6325389 | 0.5199490 |\n",
       "| X200m.s | 0.9226384 | 1.0000000 | 0.8507270 | 0.8066265 | 0.7749513 | 0.6953770 | 0.6965391 | 0.5961837 |\n",
       "| X400m.s | 0.8411468 | 0.8507270 | 1.0000000 | 0.8701714 | 0.8352694 | 0.7786139 | 0.7872045 | 0.7049905 |\n",
       "| X800m.m | 0.7560278 | 0.8066265 | 0.8701714 | 1.0000000 | 0.9180442 | 0.8635939 | 0.8690489 | 0.8064764 |\n",
       "| X1500m.m | 0.7002382 | 0.7749513 | 0.8352694 | 0.9180442 | 1.0000000 | 0.9281140 | 0.9346970 | 0.8655492 |\n",
       "| X5000m.m | 0.6194618 | 0.6953770 | 0.7786139 | 0.8635939 | 0.9281140 | 1.0000000 | 0.9746354 | 0.9321884 |\n",
       "| X10000m.m | 0.6325389 | 0.6965391 | 0.7872045 | 0.8690489 | 0.9346970 | 0.9746354 | 1.0000000 | 0.9431763 |\n",
       "| Marathon.m | 0.5199490 | 0.5961837 | 0.7049905 | 0.8064764 | 0.8655492 | 0.9321884 | 0.9431763 | 1.0000000 |\n",
       "\n"
      ],
      "text/plain": [
       "           X100m.s   X200m.s   X400m.s   X800m.m   X1500m.m  X5000m.m \n",
       "X100m.s    1.0000000 0.9226384 0.8411468 0.7560278 0.7002382 0.6194618\n",
       "X200m.s    0.9226384 1.0000000 0.8507270 0.8066265 0.7749513 0.6953770\n",
       "X400m.s    0.8411468 0.8507270 1.0000000 0.8701714 0.8352694 0.7786139\n",
       "X800m.m    0.7560278 0.8066265 0.8701714 1.0000000 0.9180442 0.8635939\n",
       "X1500m.m   0.7002382 0.7749513 0.8352694 0.9180442 1.0000000 0.9281140\n",
       "X5000m.m   0.6194618 0.6953770 0.7786139 0.8635939 0.9281140 1.0000000\n",
       "X10000m.m  0.6325389 0.6965391 0.7872045 0.8690489 0.9346970 0.9746354\n",
       "Marathon.m 0.5199490 0.5961837 0.7049905 0.8064764 0.8655492 0.9321884\n",
       "           X10000m.m Marathon.m\n",
       "X100m.s    0.6325389 0.5199490 \n",
       "X200m.s    0.6965391 0.5961837 \n",
       "X400m.s    0.7872045 0.7049905 \n",
       "X800m.m    0.8690489 0.8064764 \n",
       "X1500m.m   0.9346970 0.8655492 \n",
       "X5000m.m   0.9746354 0.9321884 \n",
       "X10000m.m  1.0000000 0.9431763 \n",
       "Marathon.m 0.9431763 1.0000000 "
      ]
     },
     "metadata": {},
     "output_type": "display_data"
    }
   ],
   "source": [
    "distances <- track[,3:10]\n",
    "S <- cov(distances)\n",
    "R <- cor(distances)\n",
    "S\n",
    "R"
   ]
  },
  {
   "cell_type": "markdown",
   "metadata": {},
   "source": [
    "$R$ is more appropriate to use for PCA, as all the variables are on the same scale."
   ]
  },
  {
   "cell_type": "markdown",
   "metadata": {},
   "source": [
    "### (1b) Eigendecomposition of S"
   ]
  },
  {
   "cell_type": "code",
   "execution_count": 3,
   "metadata": {},
   "outputs": [
    {
     "data": {
      "text/plain": [
       "eigen() decomposition\n",
       "$values\n",
       "[1] 8.991362e+01 1.412626e+00 2.598442e-01 1.094203e-01 2.730060e-02\n",
       "[6] 1.273280e-02 2.243554e-03 4.455645e-04\n",
       "\n",
       "$vectors\n",
       "             [,1]        [,2]         [,3]         [,4]         [,5]\n",
       "[1,] -0.019865407 -0.21068958 -0.029041979 -0.358784470  0.190181784\n",
       "[2,] -0.041554499 -0.35892579 -0.018390126 -0.833534544 -0.048582165\n",
       "[3,] -0.110631838 -0.82786251 -0.377669011  0.396041212 -0.012020033\n",
       "[4,] -0.005487699 -0.02317490  0.005341591 -0.009568087 -0.011107487\n",
       "[5,] -0.014386822 -0.04465255  0.050004337 -0.015981502 -0.043222520\n",
       "[6,] -0.079308444 -0.12996134  0.336448522  0.018873808 -0.909186992\n",
       "[7,] -0.181098994 -0.29885393  0.848722695  0.134662690  0.364239482\n",
       "[8,] -0.972787446  0.18080736 -0.141872114 -0.028425488  0.006575083\n",
       "             [,6]         [,7]          [,8]\n",
       "[1,]  0.886865894 -0.052444908 -0.0139585779\n",
       "[2,] -0.409969944  0.062270182 -0.0037828046\n",
       "[3,] -0.047663812  0.020389912 -0.0094695712\n",
       "[4,] -0.007204523 -0.261227847  0.9648302746\n",
       "[5,] -0.067333230 -0.959092660 -0.2622644611\n",
       "[6,]  0.184076191  0.052548542 -0.0001130819\n",
       "[7,] -0.068113893  0.045771467  0.0045055042\n",
       "[8,]  0.003532208 -0.001055127 -0.0008700758\n"
      ]
     },
     "metadata": {},
     "output_type": "display_data"
    }
   ],
   "source": [
    "eiDecS <- eigen(S)\n",
    "eiDecS"
   ]
  },
  {
   "cell_type": "markdown",
   "metadata": {},
   "source": [
    "### (1c) Eigendecomposition of R\n"
   ]
  },
  {
   "cell_type": "code",
   "execution_count": 4,
   "metadata": {},
   "outputs": [
    {
     "data": {
      "text/plain": [
       "eigen() decomposition\n",
       "$values\n",
       "[1] 6.62214613 0.87761829 0.15932114 0.12404939 0.07988027 0.06796515 0.04641953\n",
       "[8] 0.02260010\n",
       "\n",
       "$vectors\n",
       "           [,1]        [,2]       [,3]        [,4]       [,5]       [,6]\n",
       "[1,] -0.3175565 -0.56687750  0.3322620 -0.12762827  0.2625555 -0.5937042\n",
       "[2,] -0.3369792 -0.46162589  0.3606567  0.25911576 -0.1539571  0.6561367\n",
       "[3,] -0.3556454 -0.24827331 -0.5604674 -0.65234077 -0.2183229  0.1566252\n",
       "[4,] -0.3686841 -0.01242993 -0.5324823  0.47999895  0.5400528 -0.0146918\n",
       "[5,] -0.3728099  0.13979665 -0.1534427  0.40451039 -0.4877151 -0.1578430\n",
       "[6,] -0.3643741  0.31203045  0.1897643 -0.02958755 -0.2539792 -0.1412987\n",
       "[7,] -0.3667726  0.30685985  0.1817517 -0.08006862 -0.1331764 -0.2190168\n",
       "[8,] -0.3419261  0.43896267  0.2632087 -0.29951213  0.4979283  0.3152849\n",
       "             [,7]          [,8]\n",
       "[1,]  0.136241260 -0.1055416752\n",
       "[2,] -0.112639528  0.0960543222\n",
       "[3,] -0.002853707  0.0001272032\n",
       "[4,] -0.238016094  0.0381651151\n",
       "[5,]  0.610011482 -0.1392909844\n",
       "[6,] -0.591298850 -0.5466969221\n",
       "[7,] -0.176871021  0.7967952190\n",
       "[8,]  0.398822209 -0.1581638575\n"
      ]
     },
     "metadata": {},
     "output_type": "display_data"
    }
   ],
   "source": [
    "eiDecR <- eigen(R)\n",
    "eiDecR"
   ]
  },
  {
   "cell_type": "markdown",
   "metadata": {},
   "source": [
    "### (1d)"
   ]
  },
  {
   "cell_type": "code",
   "execution_count": 5,
   "metadata": {},
   "outputs": [
    {
     "data": {
      "image/png": "iVBORw0KGgoAAAANSUhEUgAAA0gAAANICAMAAADKOT/pAAAANlBMVEUAAAAAAP9NTU1oaGh8\nfHyMjIyampqnp6eysrK9vb3Hx8fQ0NDZ2dnh4eHp6enw8PD/AAD////xw1/KAAAACXBIWXMA\nABJ0AAASdAHeZh94AAAgAElEQVR4nO2diXaqMBBAqWtb2/r4/599bCIISAgTmEnuPafVQhbI\ncCEJVLMcAFaT7b0BADGASAACIBKAAIgEIAAiAQiASAACIBKAAIgEIAAiAQiASAACIBKAAIgE\nIAAiAQiASAACIBKAAIgEIAAiAQiASAACIBKAAIgEIEAKImU1px+R0u7XY1HWV/X+Nl/1zMq3\nCXqr6504XP7mS58utLfm93LILrO74EegYvWSkEhZJmHS/dAc0fc8P862nrhIRcV/Y2sda+2u\nudblHf+mEq9gvmViI4Udbo6ea3YSKOySnYoj7++UXWctyB1Ecs9fv71XFXvTKe8zOxSXjftn\n10wxHHYtMlLY4UdURaKbZffy5e5wOZmr0kekouLDbC6X8v4eAl2yy4oCZ+tJhRR2uC/S7Vx0\nj4qz+k99AN2yqjt/qft99+xYJT0WutxOxVho0Nd/7Wx1SiyX/J2zw2e19noorh2D9fdjdu6u\nrH+yR1Ffx+xQD786+Yd70ZRTv+1VWV4uHwVfm1p7G/Ao7prVefL7uaqwqPn41ST5rAosun7X\nvF9QN9Wz2naj24Vty4w2YZQkJFLdtfusD9riwDhUiy91V+lxnj9l5ZH4VyT9qhN+vRR2zdrh\nfnO4PEssllQjqM+qoILzYP25evNc2RfpXM+K5L38/b2orkhNOXXmfpXl2K1e/vkoq7cBj+JO\n2W93t05tzU3G26nJ0ymol6qt9jxc2OzORBNGSRoiNfxWf3zn+Xd9gH9Xf5cKfT/Oz/Wbz+Iy\ndSiTfzdXqA7FwXS8/jQF570Si7ene3H4HMu/D7/576E+pPvrX1Y2xRZjr+LqWKwuRkG3XpJ2\nL8rfj8FZVU5dwLPK4t3lMXbLmgK+XzagX9yD727qqsD696FX0DDVMe9u9HNhXfpUE8ZIQiKd\nfruL6stO0cE7l9GuL0TVmjLsx+pInOiT3C7lif+W9w/G5jj9ad6eq3e3lwO3mTjsrHwkOJUb\nc67GX/ey8zfI/5y1u7fl1AX0qmwuWI/Nv1Udye4G9P5sOTepT88Cn33EtqCRVL2Nfi58nGLS\n6NaVpCFS8et4eAT17/Z5qhadikPgmv0W16C/54TepTiC/srTejFEOP/+jhaY/3weymPmcTC2\nJT6On3ZVcxnpr+++NG9PTdeo7eT1U+btyvo+0qCA/tTH7Ab0S54qcFDQRLUvG/18964JYyMZ\nkX6y5qJzakf2t0KhwzE/HpteXsVPsfBanVk/yw7/1Nzw77MD0ylxXKTX9cMD8lRPfMyIlL++\ndxVpsAF5eSF5HOG3eyiR3jdhXCQjUnHkVL2cS3b8uv01IT/+FNeeazkFdm9TF2odml797Xp8\n7eC3R+LzcOmUOHr4Dda/HpB/h+be0FAbEZGGG5CXw8BmVPjTOSX4ifSyWb2FI00YJ+mI9PuY\nbMjL4VHT9bgUvfhb1ruVcs2+HsdY3j98S87NHFQ7FumV+FxQDyd+2oOqdxz3V7YeNctfk4xs\nyegRfXoZI9WDrMvYBuSd+0inco/Oz4HQUKS2oNFUnY0etWvQhHGSwk62h+85r4+L33rAUB6n\nWdWv6Q6K/+qF+bGep3o5nRZZvoq1P9Xh9xiRtyU+j6Rbd2LuZX1/Zd56VM+K5V/ldt4mZu16\n7/sifZVzZtfXWbvb2AaUXKoJk/LGT/4yH/es4aWg0VSdje5m+ptswjhJSKR7dUlqnjCrp73q\nbsep/7DAsZ55+H6m6x7Dj/ynKmWZs1Ni5yCs7q5cyreD9d2VxU9nkFEPZqpLxTNJfy+67196\nYi/3keo7UfnoBuR5O3Kqn7Xr3iHK874TbUHjqZ4b/VxYt0ynCaMnIZGKA6o8Gi7lc+DNtPBn\ndTH47D++9t1cn6rb8j/dAirKZ6azUzU58XOsFHyW2D0IP9snE17Xd1f2RSofEnjc8P2ceLKh\n8/51SFPOknWebDg3TyGMbUC1o+fHjpQ1H55PNuR9kZ4FjadqN/q5sGmZZxNGTwoiJYnYyCSN\nIc5qaKVIQaRtoZUiBZG2hVaKFETaFloJQABEAhAAkQAEQCQAARAJQABEAhAAkQAEQCQAARAJ\nQABEAhAAkQAEQCQAARAJQABEAhAAkQAEQCQAARAJQABEAhAAkQAEQCQAARAJQABEAhAAkQAE\nQCQAARAJQABEAhAAkQAEQCQAARAJQABEAhAAkQAEQCQAARAJQABEAhBgT5GymuP13l/4LoPj\nutslyw6X3/Xb+I5L/89zjF8SGVOM7tdDdujtiCAKRCqa895b+C6D27prU/BVYjMn+Dn0N+b2\nbuvMElGM/g6DHRFEhUgSjdkN0mdb8G19wS4V5rVHMYtkP0bFBfAr/w5l7s4ilS/Fvh3ECiv5\ny8omy39PRZdkfcEOFRZVnrNoRSpfYojR+ZhViwR2ZKyqIKU61t3sZvVa/Po5Zqf2j7zo0B6/\nqvW34iit+tKPdX+Xx3nlt3iXnX7yXpt9Nmv/jp9/5evPqUlTJrpfssNXGcDDLX8prJ+wswFt\n37qzOOuZU25FzCLFEKP+DkmjQKT6bFf2XrPs3AbiVDVC2UhNZ/r3GaSqs3sqVv00vYOfXgMV\nWf861TT5P/Nn3vOjT9Et7CXhcwOefevO4leRzsFCtCsRxaji1pQj31BBSnWsu+Va73+e359B\nupeNdqx3vXx/yrvrirb6zvNj+es7a9e15XZq+S3T30+PKF+q0cylzHXsF/aSsN2Az/Ig+KqC\n113cq+V0C3eu25WIYlRxDDUmUyHSqf6jvWDn9cmtfn+u3t/PnbPdT3WeO3fKeROkyyP9pe4l\ndH73C3tJ2G7AKav71qf+4kGQ4hYpjhidgw3JFIh0ujZ/5O1r88do63fXFcH7upzeB+nwSH94\nrOn87hY2TNimefQRJrZrrNpIiCtG18epQB4FY6T+H8uCdH5tv5L6yv9ScCfRRJDevE9apOEf\nVmNUdBWDTbbbFqk4w5y+76/Jrs0Uz281IyRxtnvZSEQyGaNyyv1brmn66BfpXF2Nx/vfw+Yu\nKUak1T2KY9VnfulW56+5pvrf7QZ0JpgQ6flqL0bHkI9R6BfpMSN0fK5rJ3EOZbteB232ePrk\n0erdiZ78NUhtYcOE9ctnGbbuQYFIJmN0C/o4kn6RHk3+81x3LP8up5Hq50wO5emoV9iliVHV\ncNfn+7EgtYUNE9Yv92Ndy19/cVlH77HVhEUyEaNHhWGiZECk/HZ6uWtetMmhPrl8lbew72Vr\n9RuovNHePllc5j/dngX2g/QsbJDw8fJZhOny97K4fCro3KkyaZEsxOgQrUh+iLZElAf//iQY\nIwvb2CfBIJkjwRhZ2MY+CQbJHAnGyMI29kkwSOZIMEYWthFAPYgEIAAiAQiASAACIBKAAIgE\nIAAiAQiASAACIBKAAIgEIAAiAQiASAACIBKAAIgEIAAiAQiASAACIBKAAIgEIAAiAQiASAAC\nIBKAAIgEIAAiAQiASAACIBKAAIgEIMBikYJ+NwaIQIy2Z2ljZ4M3oA1itAML2zobfdtPAo54\nB40YbYZPq0sFaVmJKzIZZ0+RVpabDIhkAETSTzCRHPrfBMmRYPtMjMQIJ9L8jBBBciTcPhMj\nKQKKFKZEgqS/amIkkzJoiQRJf9XESCZl0BIJkv6qiZFMyvc5fabeRTbDLhvsMzFaCVckA3BF\n0g8iGQCR9INIBkAk/SCSARBJP4hkAETST7hn7eZnfgiSI8GetSNGYmzwrJ1Yif6ZjBP+WTvZ\nqomRTErXDATJkYDP2gWpmhjJpHTN4VDisNdBkDYtmhg5onuyIRumI0jKqiZGFYpE+vj4mEiQ\njSxLCT0iEaMp9Ij00fzMVEmQdqyaGE2iRqSPzu93dRKk/aomRtPoFikf3uAgSPtVTYymUS5S\nPogTQdqvamI0jRqRxvrfYwkJ0o5VE6NJ9IjEjNAkakQiRpMoEmk6AUHSWzUxqlEtEjf7ajSL\nRIxqdIvE4ycVqkUiRhXKRRLKZBzdIgllMg4iGQCR9INIBkAk/SCSARBJP4hkAETSDyIZAJH0\ng0gGQCT9IJIBEEk/iGQARNIPIhkAkfSjWqSxzy4kSLqqJkY1ukUaSUeQdFVNjGoUifTv37+J\nBDyir6VqYjSFHpH+NT8jCQiSkqqJ0SRqRPrX+f2agCDpqJoYTWNBJPrfSqomRtPoFokZoQrV\nIhGjCjUiTfa/s5FliaFFJGI0jR6RJmeEONupEYkYTRJMpKaBp78LzvkeBUEKtc/ESI6wIo1d\n9xeUyEC2JqhIxEiEoCKNNfKSEplarQkpEjGSQbVIYpmMo1kksUzGQSQDIJJ+wolUjGDHBqL+\nJa7IZJxgIhEjMUJOf9ezQStmhMQyGSfgPhMjIRTdRwqYyTh67iMFzGQcRDIAIukHkQyASPrZ\nQqSX295P1heWBhvsMzFaCVckA3BF0g8iGQCR9INIBkAknXSfhQ8o0mwvmyA5Em6fidEKev+d\nFU6kbPBmbYn+mYwTbJ+J0Qr6/y8c9Fm7mZwEyZGQz9rNVEGMJkEkcyCSRhSJ5MWyzYiCPUUi\nRpPYHiOliLUxUiqYnrVLEWuzdili7j5Sili7j5QiiGQARNIPIhkAkfSDSAZAJP0gkgEQST+I\nZABEEmL4ictiIJIBEEmGke8AGE/n4RsiGQCRRBj7VpqpdItNQiQDIJIIjiK5+tYHkQyASCIg\nUuogkgxufbbtRJJ6yjeqIIXEo6GI0RhuswjbjZGyx+91zRxXkALi01DEyJ+tZu2y5+uqdk4y\nSD74XJGer8RoCxDJAIikH0QyACLpZ90YiSBtwqoxEjHaBL/p78d0EAPZTfBqKGK0KdxHMgD3\nkXTy8fHRvkckAyCSSj6anwq/MZLMpy4RJEe8xkjEKDAfnd/rZu3WQpAcWTFrt0PVqYBI5kCk\nOQL+x94kiGQORJrB6+m41aweI6UVJAUg0nv8ntdez+pZO6HWNREkDfjfkN2l6s3ZS6Quq/6N\nYrO6E2fNv1FsX/X2WBVp+7oTh/tIM+wzRuqBSAZApDn2mLXrE1AkvulAinANRYykWCxS5tr/\nzgZv/OtOnKUNRYy2J9gVyWGSjyA5EqqhiJEciGQARNLP8q6d41eFEiQ5FnftiNHmrLghO5OV\n/rcY/jdkidFWrHlEaC5KzAgJseIRIWK0EQFFEqw7ccKJFKLqNElZpO4zh6pBJP2EGyMtKXGX\nQ7r3FPy7dLv7FmyMFKZqSfZ/ZMERv+nvZY9D9lNmsBjnpiZGu+HZ1BI8Suz/q+FWONa6z8b1\nSfZZu39Vr8HENcmUSKKdLERSXnW+4P8jLHW/u2OkpVez9yW6HquugxpH3IqzKpJwjPbBVSTh\nI8MHz1m7zCHrbCjbNTsd0m6nMVNB6maRjdEuVL26f5H1GgYizeRdctfc6ZDeq7kcuw0Bexf+\nIgnGaBc+/v2b98iySPOnO/nnuDQ01zQhL1ye95F2iJE4qk+xXQyJpKGTNUnQWCYskhsKjgzf\nG7K7BGn/uZlJtIm0W4z2Yf8jw/OGbDVMdUy/ff97h2ZVJ5L2GMVGwPtIu80I7XKhVzZGci1Z\n96ydNComhMLdkBVmp6GniiDFVLU8Ok52/s/ara97ERrmcGTZ4Fk70aqVoqT7PRiZrm5jRHLE\nc7LBM+fqqrWiTqRssCR03ctQMBkqi+f0t2fWtVWrBZGWsv9kqCyIJIO2MRJBWoGP5IgkhIoJ\nITNjJNV4nRQZI+knwlk7zfh105m100+E95E0s6FIMjyrjm3gKQwibYpdkaKbChVmjUgMZJez\n2RhpfdZe/vhuzgmDSBuz0aydQNZefnGRzHzOliOIZIAIRVLwZZWyIJIBFIgkPEbS8PXJsiCS\nATSIJDtrh0h+edfWnTgqRBIFkZy/xEq07sRZ2lAGYqR6jBR2Qoj7SLuh4T6SNIpn7QLfoggp\nkuJW1UCMIukl9E3zgCKpvs4rAJG2xK5IziPPVC9ciLQl8YuU1IWre9JApE0xO0ZyFMl9yjSC\nK1fvpGFJpBgeEjc7a+d2qXHvAbolE/bNsTS3ZP19NSRSsg+JqxDJ7eha0gOU7Cm6H/pyklsV\nKd2HxHWI5IbXQbg2mezl0u9kgEj6sSSSV7fIZDKzYyREkkzZSb7L50rvcQ0JOmESqqECxIgx\nkmDKZ/LnL4ES3ZEc1QiPuLym8IOKJByjGGbtfAgqUvZ8K1CiOKKzCLKzdn1CiqQ8RmZIWSRH\n9r8rhUj6QSQDIJJ+wolUjGCz9xkJkiPBRCJGYoSc/q5ng7aftYuOgA0lHqP9O8L7YOo+UqrY\nuY+U1oPFXRDJAHZEiu+zGFxBJAMgkn62EIkZoZVs0FBCMUIkyZT7lRgpdq5IjJEkU+5XYqQY\nEolZO8GUM+WIfeZaMmzeUMRoMQFFmg0FQXIkXEMRIynCiZQN3qwtMVmCNRQxEiPw/yO9zUmQ\nHAn7/0hvq3guT3Xw4wgiGUCDSMlOxzmCSAZQIFK6N4gcYYxkAAVjJESagVk7AyiYtUOkGbgh\nawANN2QZI70HkQygQSRm7d4TWqR3uRDJkcANRYwEQCQDIJJ+EMkAiKQfRDIAIukHkQyASPph\n1s4AKmbt4C2IZABE0g8iGQCR9INIBkAk/SCSARBJP4hkAETSDyIZAJH0g0gGQCT9IJIBEEk/\niGQARNIPIhkAkfSDSAZAJP0gkgEQST+IZABE0g8iGQCR9INIBohRpI+Pj1BF7wIiGSBCkT6a\nn2hAJAPEJ9JH53ccIJIBEEk/iGQARNIPIhkgPpEYI+1Td+JEKBKzdguK5tsohAjXUMRIinAi\nZYM3a0tMlmANRYzECCZSNvp2TYnpEqqhiJEciGQARNIPIhkAkfTDGMkAjJH0w6ydAZi10w/3\nkZTSvc8S432k2EAknfTu/COSfhBJJf1n0RBJP1uIxIzQYjYXiRithCuSSrgiWQORdMIYyRjb\ni5Q9ESoxSnadtSNGi+GKZACuSPpBJAMgkn7CPWs33z0gSI4Ee9aOGImxwbN2YiUmS/hn7bav\nOjZCPmsnXmKqBHzWbr+qIyPkGGkuB0FyJGBDESMhmGwwAJMN+tlVJHBEvOmJkTjuTRowXK6F\nu26DbHG7JNN3LSBG3unWZ9K9g5qTbSiS6v3TnAyRDCRDJP3JEMlAMkTSnwyRDCRDJP3JEMlA\nMkTSn2xLkWQLJ0g7Qoy8063PJFw4QdoRYuSdbn0m4cIJ0o4QI+906zMJF06QdoQYeadbnwkA\n+iASgACIBCAAIgEIgEgAAiASgACIBCAAIgEIgEgAAiASgACIBCAAIgEIgEgAAiASgAD7/xuF\n68fwOX9an0sy10//c03kuBNLPnFwI4iRT3Ej2XwyuZbttN2OG+Gazr1W10rd0oruw3YQo7Hi\n3GpeXLYnmUvhmeNWZG7JHGt13G3XjXNMtaS4jSBGK4pbWrYn2YLCJTsE7s0llcw1qT6RiNF4\nGlUiLSlc9Mrs2mN2KUy006+xa0eMRhIp69oJ/5O841DR/QLu0Fdx7/S7JLI72eCaLuEY2RHJ\nKd2i88lsQvfrvPvpWptJxGiYyuoVyX0b5lI6D3fd6hUOkr4xUk6MvIvzKd0XuW61Y9JlXw9l\nJkghIUaexfmU7otg13XBDjrPCMkFSXwftoMY+RXnV7wncj3XBWNK51odG19yJ9yTbgYx8ivO\ns3g/XJpB/tENt1Oi6DMvziNxk7N2xEiweAB4AyIBCIBIAAIgEoAAiAQgACIBCIBIAAIgEoAA\niAQgACIBCIBIAAIgEoAAiAQgACIBCIBIAAIgEoAAiAQgACIBCIBIAAIgEoAAiAQgACIBCIBI\nAAIgEoAAiAQgACIBCIBIAAIgEoAA0YiUvbwO1/T/iGbHDRFzjCxt61umgzSaLJ4dN0TMMbK0\nre9x+4ook0GKhohjZGlb39MNUvN1PvVXx48seiRU+H1FURNxjExspBOdID1+Zdn4otcf2IiI\nY2RhGx1pm7wNV9Zf3lvUWw0bEW+MDGyiK71zV9Uh6Eehv8hSkOIh3hgZ2ERXOme1bBCFwaIs\nX/DdqCBEvDEysInOZL3zl2u3AbYk2hiZ2VAH/IIUUwvoJ9oYGdhEd7LOSzYMUrUo6yzp9dhh\nE2KNkYVtdKYzZM2G/e9mkcF7FDERa4xMbCSAdhAJQABEAhAAkQAEQCQAARAJQABEAhAAkQAE\nQCQAARAJQABEAhAAkQAEQCQAARAJQABEAhAAkQAEQCQAARAJQABEAhAAkQAEQCQAARAJQABE\nAhAAkQAEQCQAARAJQABEAhAAkQAEQCQAARAJQABEAhAAkQAEQCQAARAJQABEAhAAkQAEQCQA\nARAJQABEAhAAkQAEQCQAARAJQABEAhAAkQAEQCQAARAJQABEAhAAkQAEQCQAARAJQABEAhAA\nkQAEQCQAARAJQABEAhAAkQAEQCQAARAJQABEAhBgT5GymuP13l/4LoPjutslyw6X3/Xb+I5L\n5/39esgOvR2Jg5hiVHJ8s3mrUCBS0Zz33sJ3GdzWXZuCrxKbOcHPoVPh/VDvyF/ACnchohiV\nfL7bvFWoEEmiMbst9NkWfFtfsEuFeXFy/cq/s+z1BGieiGJU8JfFKlL5Uhx/B7HCSsrm+srz\n31PRJVlfsEOFxen1fHhdFAcRxajgFLVI9Wvx6+eYndo/8mLQcfyq1t/Oxan+t5Pw7/I4Qf4W\n77LTT95rs89m7d/xs+pq/ZyaNGWi+yU7fJUBPNzyl8L6CTsb0I5/Oovrs+nrDgkcbbqIKkZf\n2TlmkeqzXdkNz7JzG4jq5FGetB6d6d9nkKoByalY9dP0Dn56QSqydscqTf7P/Jn3/OhTdAt7\nSfjcgGb8c+8tHop0P9fJoyKmGN2L9bGK1HCt97/Y12eQ7mWjFZf9W/P+lHfXFW31Xc7BfFdB\nPvWC1G+s3zL9/fSI8qUssPj9XRXeLewlYbsBn+VB8FUFr7v4NSTnLEKPoorRuSghbpFO9R/t\nBTuvT271+3P1/n7unO1+qvPcuVPOmyBdHukvdS+h87tf2EvCdgNOVXGPI+F3pMKKYxbhXENM\nMfouC4hZpNO1+SNvX5s/Rlu/u64I3tfl9D5Ih0f6w2NN53e3sGHCNs2jjzCxXQ3XussRFRHF\n6NB0/GQbqN2hMMW61d3dKb8gnV/br6S+8r8U3Ek0EaQ3791Eukc82dD7w2SMLmXXEJHG1xXX\ngNP3/TXZtZni+a1mhCTOdi8bOSFSuCjtRzwxyp5INlBbfIhCXet2CtK56haP97+HzV1SjEir\nexTHqs/80q3OX3NN9b/bDehMME2KdD7VRQa8J7IP8cQoeZEeM0LH57p2EudQtut10GbXtsnq\nVu9O9OSvQWoLGyasXz7LsHUPihGRLmUJ3xFO20UUo+H+iDZUmGLd6nYK0qPJf57rygmyahqp\nfs7kUJ6OXo/riqr3cH2+HwtSW9gwYf1yP9a1/PUXl3W0s3TNs3anYG21FxHFaLg/khgQKb+d\nXu6aFw10qG90f5W3sO9la/VbqLzR3j5ZXOY/3Z4F9oP0LGyQ8PHyWYTp8vey+O/cmd2tnv4+\nRnc9iitGg/2RZE+R/BBtimDtmjYJxsjCNvZJMEjmSDBGFraxT4JBMkeCMbKwjX0SDJI5EoyR\nhW0EUA8iAQiASAACIBKAAIgEIAAiAQiASAACIBKAAIgEIAAiAQiASAACIBKAAIgEIAAiAQiA\nSAACIBKAAIgEIAAiAQiASAACIBKAAIgEIAAiAQiASAACIBKAAIgEIAAiAQiwWKTmW20QUDHE\naHuWNnY2eAPaIEY7sLCts9G3/STgiHfQiNFm+LS6VJCWlbgik3H2FGllucmASAZAJP0EE8mh\n/02QHAm2z8RIjHAizc8IESRHwu0zMZIioEhhSiRI+qsmRjIpg5ZIkPRXTYxkUgYtkSDpr5oY\nyaR8n9Nn6l1kM+yywT4To5VwRTIAVyT9IJIBEEk/iGQARNIPIhkAkfSDSAZAJP2Ee9ZufuaH\nIDkS7Fk7YiTGBs/aiZXon8k44Z+1k62aGMmkdM1AkBwJ+KxdkKqJkUxK1xwEyZGA+0yMhFA+\n2TDsvhMkbVUToxJFIn18fIynyIaL0kKPSMRoCj0ifTQ/IwmykWVWGTkUZ1EjUiIx8kGNSB+d\n3++qNB6kkUNxHi0iJRIjL1SLNFan7SCN7uUsmkWKL0Z+6BYpH94ptB2kCEWKLkZ+qBFpstPz\nEifbQbItUhox8kOPSG+G4RENZE2PkRKJkReKRJpOEFOQTM/avUkQU4x8QCQDIJJ+VIvEzb4a\nzSIRoxrdIvH4SYVqkYhRhXKRhDIZR7dIQpmMg0gGQCT9IJIBEEk/iGQARNIPIhkAkfSDSAZA\nJP0gkgEQST+IZABE0g8iGQCR9KNapLHPLiRIuqomRjW6RRpJR5B0VU2MahSJ9O/fv4kEPFms\npWpiNIUekf41PyMJCJKSqonRJGpE+tf5/ZqAIOmomhhNY0Ek+t9KqiZG0+gWiRmhCtUiEaMK\nNSJN9r+zkWWJoUUkYjSNHpEmZ4Q426kRiRhNEkykpoGnvwvO+R4FQQq1z8RIjrAijV33F5TI\nQLYmqEjESISgIo018pISmVqtCSkSMZJBtUhimYyjWSSxTMZBJAMgkn7CiVSMYMcGov4lrshk\nnGAiESMxQk5/17NBK2aExDIZJ+A+EyMhFN1HCpjJOHruIwXMZBxEMgAi6QeRDJCwSMNHKZSy\nhUgvt72frC8sDTbYZ6UxGnm4TylckQyQ7BVp7HFzpSCSARBJP4hkAETST0CRZnvZiORIuH3W\nHiPGSJ303DVfS7B91h8jZu2y0bdrSlyRyTghn7WbqYIYOYJIBkCkOfa/cO0qkhfLNiMK9hQp\nVIw+Pj4kdqFGwVDK3BgpRayNkRz4aH5E0DC5Z27WLkWszdrN89H5vZ7IRZIvcf+e8D5Yu480\nDyLtU3eNgp7wPiDSDAqODEMiaTjv7EN8IsmOkTT0VXSI5NQOykUSnYbqE6FIIZtrF1SI5HZl\n1i2S8A8GPisAAApHSURBVCm2R4wixYYGkVwNUdATnkS4098HkfRjSSQFPeFJEClxTImkGERK\nHA0iqe6zucIYKW1UiKS5z+YMs3ZJo0MkGNA9t1gSKYZzog8+Ikk9iY1I0/R6ux4NtVeMYuil\ne+F1Rcoev9dFCZEm6c+/+DTUPjGKYd7ID68r0vN1VZQQaZLVIu0UI0RakhKRgoNI1kAknawe\nIz1fN40RY6QlKdv+NyIFY+2s3V4xYtZuScrHdBCTDU8CHkFeDUWMNoX7SEK49ml8fLN0HylV\nEEmGoE+wI5J+/MZIMp+MFVOQHEXym9XyGiMRo01ZM2u3Xd360SYSMdoYRBIi5H/5IpJ+EEkK\nt1mErcZIxGgFPg/yI9LGbDRrR4z88frXshU3ZFeTYpC88L8hu0vVxvH7Z+dV/0axsC7/uhNn\nzb9RbF+1dbYTSYoEg+QH95G2BJGiBZE2ZbsxkmMGvo1CiHANRYzG2GTWLnPtf2eDN/51J87S\nhiJG2xPsiuQwyWckSPt/SnWohoonRvuDSHOE/MA6RxBJP8u7do5fFRpLkIJ+hKoji7t2icVI\nAytuyM5kjaT/bVGkZ540YqSBNY8IzUUpihkhoyIlFSNnVHwa7mKRBOsOg1uz2hwjxRIjUXR8\nPnt0Irk2q8lZu0hiJNr4Sr4xZOkYSbLuBtFDWkOfzZFgY6QwVQsierLTJ1I+Ox/0po4MFuPc\n1MRoNzybWoK2RLfzjvAJJfIrkv2qc+cYuYZS+NMre4etBpGEm8sVBbMIjiCSSLJ/VQ9QzKR+\nrX5jpKVXs/cl7iSSglkER7zGSLIx2gnRvorwB5OvFymr/5jLOhvKhSIZuoQI4zdrJxqjvZC8\nRaFVpJm8C+6a25mI3gd/keRipBu3I0PbGCnLHU53i57jStUQRzzvI8nGKAYcP3nG9QNquoet\nDpHgLYi0KYE/Mq3f6gRpQzxvyBIjL0J/iGfWfz87IRRN/3t//G7IEiM/thTJLYP2GSEzhGuo\nBTFK5hvE1Im0Q4mRouGGbELfabndGGnhc1zr604QvxmhDrIxSupblsN+rPRgZLo6SkZE2qVP\n43mP4olwjJISyQff6e9ledfWvSe79Gl875q3SMcIkWZApBn2OYLUiZTSGMkLRJoBkRqSmbXz\ngzHSDDv1abSNkWAGZu3m2KlPo2zWDmbgPtIs+/dpNNxHgvcgkgEQST9rREpiskEDKxqKGG0E\nIhkAkfSDSAZAJP0gkgEQST+IZABE0g8iGQCR9LNYJK9PaV1bd+IsbShitD3cRzIA95F00r1V\nj0gGQCSV9B4eQyQDIJJG+o8zI5IBEEkjiGQORNIIIpkDkVTCGMkaKkTi89kHRD9rF1vMNYiU\n7HfqOBKjSNHFXIFIhr4odB8iFCm+mCOSfoKJ1Hz4xg6f/R1fzEOJtCBG8TWqMGFFev4SKNGV\n+GIeVCTHGEXXXxYmqEjZ861Aic5EF/OQIjnHKLYZHGFiFCm6mKsQCd4SpUixgUj6CSdSMYLN\n3mckSI4EE4kYiRFy+rueDdp81i4+AjYUMRIiwvtI8aHgPhLMgEgGQCT9IJIBEEk/W4jEjNBK\nNmgoYrQSrkgG4IqkH0QyACLpZ3uR5D5zbS37f/GRI5s3lJ4YmSGgSLOh2DlIdr5eOFxDaY+R\nHcKJlA3erC1RFkNfeB+sobTHyBCB/x/pbc5gQXLqsyHSrjGKjRhFcuuzIRIiCRKhSK6GMEZC\nJDkiHCM5X2qYtWOMJEaEs3aG+myOMGunnxhvyNrpsznCDVn9xCiSnT6bI4ikn9AivctFkBwJ\n3FDESABEMgAi6QeRDBCjSOl2vxFpNyIUKeEJIUTajfhESvkWhaFZu9iIb9YOkfapO3EQST+I\nZID4RGKMtE/diROhSMza7VJ34sQoUmwgkgEQST+IZABE0g8iGQCR9INIBkAk/SCSARBJP4hk\nAETSDyIZAJH0g0gGQCT9IJIBEEk/iGQARNIPIhnAkkgfHx8htkM9iGQAQyJ9ND/JgUgGsCPS\nR+d3WiCSARBJP4hkAETSDyIZwI5IjJEkU+5XYqQYEolZO8GUjwx804EQ4RqKGEkRTqRs8GZt\nickSrKGIkRjBRMpG364pMV1CNRQxkgORDIBI+kEkAyCSfhgjGYAxkn6YtTMAs3b64T6SASzd\nR0oVRDIAIukHkQyASPrZQiRmhFayQUMRo5VwRTIAVyT9IJIBEEk/24uUPREqMXo2byhitBiu\nSAbgiqQfRDIAIukn3LN2890DguRIsGftiJEYGzxrJ1ZisoR/1m77qmMj5LN24iWmSsBn7far\nOjJCjpHmchAkRwI2FDESgskGAzDZoJ9dRQJHxJueGInj3qQBw+VauOs2yBa3SzJ91wJi5J1u\nfSbdO6g52YYiqd4/zckQyUAyRNKfDJEMJEMk/ckQyUAyRNKfDJEMJEMk/cm2FEm2cIK0I8TI\nO936TMKFE6QdIUbe6dZnEi6cIO0IMfJOtz6TcOEEaUeIkXe69ZkAoA8iAQiASAACIBKAAIgE\nIAAiAQiASAACIBKAAIgEIAAiAQiASAACIBKAAIgEIAAiAQiw/79RuH4Mn/On9bkkc/30P9dE\njjux5BMHN4IY+RQ3ks0nk2vZTtvtuBGu6dxrda3ULa3oPmwHMRorzq3mxWV7krkUnjluReaW\nzLFWx9123TjHVEuK2whitKK4pWV7ki0oXLJD4N5cUslck+oTiRiNp1El0pLCRa/Mrj1ml8JE\nO/0au3bEaCSRsq6d8D/JOw4V3S/gDn0V906/SyK7kw2u6RKOkR2RnNItOp/MJnS/zrufrrWZ\nRIyGqaxekdy3YS6l83DXrV7hIOkbI+XEyLs4n9J9ketWOyZd9vVQZoIUEmLkWZxP6b4Idl0X\n7KDzjJBckMT3YTuIkV9xfsV7ItdzXTCmdK7VsfEld8I96WYQI7/iPIv3w6UZ5B/dcDslij7z\n4jwSNzlrR4wEiweANyASgACIBCAAIgEIgEgAAiASgACIBCAAIgEIgEgAAiASgACIBCAAIgEI\ngEgAAiASgACIBCAAIgEIgEgAAiASgACIBCAAIgEIgEgAAiASgACIBCAAIgEIgEgAAiASgACI\nBCAAIgEIEI1I2cvrcE3/j2h23BAxx8jStr5lOkijyeLZcUPEHCNL2/oet6+IMhmkaIg4Rpa2\n9T3dIDVf51N/dfzIokdChd9XFDURx8jERjrRCdLjV5aNL3r9gY2IOEYWttGRtsnbcGX95b1F\nvdWwEfHGyMAmutI7d1Udgn4U+ossBSke4o2RgU10pXNWywZRGCzK8gXfjQpCxBsjA5voTNY7\nf7l2G2BLoo2RmQ11wC9IMbWAfqKNkYFNdCfrvGTDIFWLss6SXo8dNiHWGFnYRmc6Q9Zs2P9u\nFhm8RxETscbIxEYCaAeRAARAJAABEAlAAEQCEACRAARAJAABEAlAAEQCEACRAARAJAABEAlA\nAEQCEACRAARAJAABEAlAAEQCEACRAARAJAABEAlAAEQCEACRAARAJAABEAlAAEQCEOA/092m\nyjZkezEAAAAASUVORK5CYII=",
      "text/plain": [
       "Plot with title \"Principal Component 4\""
      ]
     },
     "metadata": {},
     "output_type": "display_data"
    }
   ],
   "source": [
    "par(mfrow=c(2,2), oma=c(0,0,2,0))\n",
    "for(i in 1:4){\n",
    "    plot(1:8, eiDecS$vec[,i], xlab=\"Variable\", ylab=\"Loading\", main=paste(\"Principal Component \", i, sep=\"\"), ylim=c(-1, 1), col = 'blue')\n",
    "    points(1:8, eiDecR$vec[,i], xlab=\"Variable\", ylab=\"Loading\", main=paste(\"Principal Component \", i, sep=\"\"), ylim=c(-1, 1), col='red')\n",
    "    legend(\"topleft\", legend=c(\"S\", \"R\"), col=c(\"blue\", \"red\"), pch=21)\n",
    "\tabline(h=0)\n",
    "}\n",
    "mtext(\"Raw vs. Standardized Principal Components\", outer=T)"
   ]
  },
  {
   "cell_type": "markdown",
   "metadata": {},
   "source": [
    "### (1e)"
   ]
  },
  {
   "cell_type": "markdown",
   "metadata": {},
   "source": [
    "For $S$: marathon times (variable 8) dominate the covariances among running times, which makes sense a marathon is much longer than other formats."
   ]
  },
  {
   "cell_type": "markdown",
   "metadata": {},
   "source": [
    "### (1f)"
   ]
  },
  {
   "cell_type": "markdown",
   "metadata": {},
   "source": [
    "For $R$: the standardized loadings are roughly equal. This principal component shows how fast or slow a country is in general."
   ]
  },
  {
   "cell_type": "markdown",
   "metadata": {},
   "source": [
    "### (1g)"
   ]
  },
  {
   "cell_type": "markdown",
   "metadata": {},
   "source": [
    "The second principal components of $R$ seems to show the contrast between fast marathoners and fast sprinters."
   ]
  },
  {
   "cell_type": "markdown",
   "metadata": {},
   "source": [
    "### (1h)"
   ]
  },
  {
   "cell_type": "code",
   "execution_count": 6,
   "metadata": {},
   "outputs": [
    {
     "data": {
